0.883868
0.851862
0.83862
0.834792
0.866473
0.983443
0.840054
0.829052
0.825995
0.85628
0.923351
0.829939
0.821499
0.818644
0.822448
1.35698
0.861874
0.824485
0.822079
2.05755
0.866409
0.827735
0.818102
0.812219
0.82429
1.40159
0.845171
0.818374
0.812654
1.28294
0.889798
0.819068
0.806787
0.818273
1.60511
0.839118
0.808618
0.799721
2.18963
0.870751
0.802963
0.799043
1.98089
0.844765
0.800555
1.06512
1.03034
0.839436
0.813127
3.57691
0.867985
0.809844
0.870106
0.958697
0.81125
0.790614
1.91662
0.835448
0.786959
2.31127
0.856148
0.789263
0.856727
0.943519
0.793654
0.78153
1.10353
0.801585
0.767267
5.83141
0.819953
0.769476
25.2021
0.996527
0.886835
0.841577
0.882338
27.0271
0.957276
5.6962
0.940165
2.14946
0.987661
1.01136
1.17482
0.880882
3.09854
0.874645
1.6838
0.927841
0.994881
1.20013
0.857526
3.8642
0.858444
8.23458
0.882753
1.05129
1.13067
0.851691
14.6597
0.877522
1.28092
0.908386
0.921594
1.11799
0.841703
2.53077
0.837641
3.34976
0.893194
0.925591
1.10749
0.800158
8.01819
0.834063
0.797911
2.25326
0.788411
0.818474
1.27086
0.765177
0.891668
1.07938
0.755428
1.09507
0.945851
0.747043
1.94628
0.848682
0.764706
7.00953
0.783757
1.42278
0.873725
0.819346
1.22568
0.782499
9.82923
0.888862
0.76377
2.58508
0.921933
0.752415
1.18982
1.00057
0.760119
1.03236
1.35774
0.791274
0.997959
2.39323
0.816574
1.00694
1.70497
0.837043
1.92296
1.11349
0.914478
3.48985
0.922832
2.77297
1.09307
1.14673
1.35854
0.923196
1.99346
0.881902
28.5173
1.25664
0.95626
0.856494
0.824872
1.02014
4.84038
1.17926
0.924241
0.838071
0.799744
0.802501
0.940101
2.11873
2.74611
1.09625
0.877277
0.84047
0.927831
1.39709
9.75093
2.17472
1.21529
0.986696
0.914544
0.978953
1.50662
30.6526
2.20085
1.32355
1.06066
0.943102
0.895924
0.909713
1.03723
1.61084
10.4341
2.85766
1.5174
1.16064
1.00986
0.949152
0.966027
1.13248
1.86165
27.1361
2.43636
1.42697
1.14802
1.01822
0.944046
0.909035
0.912618
0.962489
1.09238
1.41783
2.56313
52.8034
1.88301
1.19375
1.03794
1.08857
1.43476
2.37575
11.221
3.21218
1.51297
1.15353
1.07406
1.26996
2.41313
13.3192
1.769
1.19652
1.0846
1.60188
65.5758
2.70337
1.48817
1.16783
1.0964
1.47953
10.204
3.18778
1.78303
1.36313
1.19122
1.21415
2.9085
3.80209
1.72723
1.327
1.17847
1.13013
1.34556
6.26553
2.45865
1.4533
1.2118
1.1677
1.36843
3.01993
5.78146
1.78627
1.29793
1.26131
1.66394
5.2065
4.79697
1.88136
1.39251
1.55777
4.78819
5.41743
2.22531
1.51531
1.45884
2.51525
9.6045
2.14783
1.48649
1.4568
3.03923
4.81693
1.75922
1.41318
2.06751
35.3923
1.68788
2.11099
4.63396
1.57366
7.2123
1.89388
2.02426
5.90153
1.62093
14.7744
1.75594
2.88732
2.72508
1.9835
4.63936
1.86263
5.78015
1.9653
4.0182
2.4535
2.81313
5.47838
2.01106
24.5826
1.7989
4.13176
2.09738
2.29081
8.8461
1.79445
3.37909
3.15783
1.8914
5.44185
2.25764
1.78145
5.69927
1.82543
1.71263
5.73815
1.5854
1.71248
5.71114
1.46376
1.97757
4.5425
1.38972
1.96576
4.11347
1.34391
1.7437
5.80833
1.33122
1.37227
2.59587
2.07364
1.25336
1.62883
14.28
1.32587
1.2903
2.02392
3.72027
1.26922
1.40131
3.90912
1.78076
1.23188
1.64605
35.6358
1.31992
1.22524
4.11681
1.45525
1.1396
1.73325
2.37988
1.13976
1.45463
9.51886
1.27652
1.25306
4.2409
1.52226
1.17112
2.07102
2.35987
1.17876
1.55
5.97892
1.32803
1.22938
2.49536
2.35224
1.22256
1.44694
6.93728
1.8242
1.26541
1.82602
56.1112
1.3157
1.48772
33.861
1.60435
1.37393
5.002
1.91524
1.31074
2.81808
2.57483
1.26854
2.08093
3.13636
1.26895
1.67547
7.58844
1.31422
1.43888
10.0885
1.31862
1.4521
13.1896
1.254
1.64707
3.02638
1.20331
2.58329
1.85012
1.27085
4.83104
1.52997
1.3414
9.17078
1.4132
1.37324
13.1574
1.35637
1.48328
10.1829
1.23118
1.89223
3.32575
1.26153
4.2057
1.67359
1.52459
6.7258
1.31905
2.57205
2.33842
1.38638
8.78002
1.79396
1.56662
33.062
1.84705
1.53225
6.76747
1.93227
1.48544
8.00767
1.63659
1.68046
69.8047
1.55545
1.42699
119.377
3.45331
2.00689
1.56703
1.35878
1.28839
1.47599
2.22287
5.23689
13.5731
3.16462
1.93829
1.49996
1.31957
1.34923
1.67743
2.68297
9.82822
5.24304
2.26139
1.63032
1.4422
1.67799
3.13212
18.42
5.51812
2.43535
1.69288
1.60074
2.45172
12.2338
4.71514
2.0979
1.58579
1.92662
8.05419
3.5691
1.90378
1.63016
2.93661
10.2141
2.39904
1.68627
1.78519
4.95538
5.93237
2.2537
1.70928
2.37367
18.2238
4.11564
2.09297
1.90651
3.78025
23.0335
3.18681
1.95007
2.24095
7.27603
8.25406
2.929
1.98648
2.16187
6.21375
10.2872
3.64088
2.39355
1.93002
2.27746
6.99767
8.88129
3.56297
2.48494
1.9894
1.75814
1.94966
3.86171
19.9568
3.81108
2.49031
2.01793
1.77099
1.62722
1.57719
1.68364
2.24006
5.85817
7.86922
2.94465
2.10143
1.76425
1.5923
1.50814
1.50008
1.60646
1.95147
2.89441
6.46157
24.7768
4.39385
2.54774
1.93868
1.69603
1.63592
1.7325
2.02717
2.63648
3.93492
7.77999
103.208
11.7898
5.85909
4.03429
3.1388
2.60359
2.25918
2.04439
1.93655
1.93468
2.06165
2.37635
3.00738
4.27946
7.36955
22.5027
27.0755
8.52664
5.1375
3.71439
2.943
2.48667
2.23062
2.13624
2.20209
2.45852
2.98948
4.01543
6.23879
13.3843
262.173
8.24528
4.39149
3.11247
2.50891
2.18163
2.01072
1.98588
2.16629
2.73876
4.62521
34.4977
6.1806
3.24424
2.45263
2.1127
1.95356
1.92665
2.07854
2.60747
4.30942
15.6743
11.2358
4.66972
3.10964
2.4157
2.07127
1.94534
2.04119
2.61419
5.36103
33.649
4.99146
3.06115
2.37395
2.03385
1.84359
1.74018
1.7274
1.89916
2.61207
6.63843
9.1252
3.10159
2.16929
1.83457
1.66976
1.57907
1.54666
1.58888
1.76326
2.27612
4.26285
53.1331
3.62949
2.12874
1.72018
1.60559
1.62355
1.74489
2.00232
2.50787
3.68099
8.71922
15.2885
3.83683
2.36589
1.96438
1.9811
2.27596
2.87036
4.08816
7.75709
219.945
14.6388
6.97169
4.56624
3.39016
2.71514
2.34769
2.25809
2.49531
3.201
4.81305
9.36743
69.0111
13.5612
6.29238
4.10703
3.07338
2.50499
2.17919
2.00694
1.96495
2.08208
2.45184
3.3196
5.6321
20.3076
12.6825
4.96795
3.18961
2.46379
2.15561
2.10689
2.28614
2.72931
3.57433
5.2909
10.3977
281.899
10.5688
5.16636
3.40632
2.66155
2.43972
2.63904
3.29658
4.63328
7.60138
20.1302
23.7633
7.8515
4.68409
3.35907
2.69134
2.4344
2.66327
3.75787
7.5354
521.962
18.5183
9.33258
6.13251
4.59166
4.03285
4.8572
9.73448
2576.15
40.7657
20.3291
13.5046
10.1389
8.16632
6.89185
6.01507
5.38434
4.91448
4.55385
4.26939
4.03912
3.8481
3.6861
3.54612
3.42351
3.31537
3.22011
3.13715
3.06658
3.009
2.96523
2.93612
2.92253
2.92517
2.94471
2.98185
3.03742
3.11257
3.2089
3.32867
3.47495
3.65191
3.86511
4.12198
4.43252
4.81046
5.27512
5.85455
6.59118
7.55234
8.8515
10.6957
13.5062
18.2917
28.2161
60.9789
407.975
49.4767
26.6701
18.4156
14.1603
11.5674
9.82219
8.56629
7.61725
6.87262
6.2706
5.77203
5.35116
4.99071
4.67894
4.40788
4.17216
3.96822
3.79369
3.64698
3.52699
3.43283
3.3638
3.3193
3.29894
3.30267
3.33087
3.3846
3.46575
3.57733
3.72369
3.91095
4.1475
4.44476
4.81842
5.29038
5.89203
6.67004
7.69716
9.09369
11.0745
14.0649
19.0422
28.8545
56.7429
628.969
94.0174
43.6849
28.6053
21.375
17.1358
14.3487
12.3739
10.898
9.75008
8.82895
8.07135
7.4359
6.89462
6.42817
6.02292
5.66915
5.35991
5.09017
4.85633
4.65578
4.48669
4.34781
4.23838
4.1581
4.1071
4.08604
4.09613
4.13925
4.2181
4.33627
4.49852
4.71088
4.98108
5.31892
5.73702
6.25192
6.88595
7.67015
8.64951
9.89219
11.507
13.6794
16.7534
21.4457
29.5379
47.0274
114.972
233.191
62.4862
36.4899
25.8735
20.0786
16.4211
13.9016
12.062
10.6626
9.56512
8.68414
7.96384
7.36603
6.86366
6.43695
6.07113
5.75495
5.47972
5.23868
5.02654
4.83916
4.67333
4.52653
4.39681
4.28265
4.18287
4.09655
4.02294
3.96144
3.91158
3.87299
3.84541
3.82871
3.82288
3.82805
3.84451
3.8727
3.91323
3.96686
4.03451
4.11725
4.21626
4.33287
4.4685
4.62473
4.80325
5.00601
5.2352
5.49349
5.78412
6.11123
6.48012
6.89779
7.37351
7.91977
8.55363
9.29877
10.1888
11.2728
12.6247
14.3616
16.6794
19.9329
24.8367
33.0784
49.8277
102.323
1487.96
93.6811
48.2523
32.4426
24.4121
19.5579
16.3108
13.9894
12.2506
10.9024
9.82952
8.95862
8.24091
7.64286
7.14084
6.71784
6.36147
6.06265
5.8147
5.61277
5.45343
5.33431
5.2539
5.2114
5.20655
5.23955
5.31097
5.42174
5.57312
5.76675
6.00474
6.28981
6.62554
7.01669
7.46966
7.99313
8.59897
9.30359
10.1299
11.1103
12.2918
13.7446
15.577
17.9649
21.213
25.8978
33.2562
46.5113
77.5439
235.904
218.477
75.628
45.8892
33.0058
25.8097
21.2142
18.0233
15.6761
13.8745
12.4459
11.2834
10.3177
9.50195
8.80387
8.20043
7.67503
7.21546
6.81261
6.45952
6.15073
5.88183
5.64915
5.44953
5.28021
5.13878
5.02314
4.93153
4.86256
4.81522
4.78893
4.78353
4.79927
4.83683
4.89724
4.98186
5.09229
5.23032
5.39787
5.59695
5.82966
6.09833
6.40562
6.75484
7.15029
7.59781
8.10551
8.68468
9.35128
10.128
11.0475
12.158
13.5322
15.2851
17.6076
20.8405
25.6563
33.5885
49.0492
91.9795
742.153
144.683
64.4142
41.0994
30.0671
23.6661
19.5026
16.5876
14.4386
12.7924
11.4933
10.4438
9.57979
8.85766
8.24715
7.72682
7.28136
6.89987
6.57462
6.30027
6.07323
5.89116
5.75265
5.65687
5.60335
5.59179
5.622
5.69386
5.80736
5.96272
6.16056
6.40207
6.68923
7.02508
7.41397
7.86198
8.37737
8.97121
9.65836
10.4588
11.3997
12.5186
13.8685
15.5266
17.6096
20.3021
23.915
29.0148
36.7568
49.9183
77.2958
169.404
897.636
129.12
70.0094
48.1535
36.7391
29.7061
24.9236
21.4498
18.8044
16.7169
15.0241
13.6216
12.4401
11.4319
10.5633
9.80987
9.1537
8.5812
8.08193
7.64769
7.27188
6.94912
6.67498
6.44579
6.25862
6.11118
6.00188
5.92981
5.89479
5.89738
5.9389
6.02149
6.1481
6.32255
6.54963
6.83522
7.18652
7.61244
8.12413
8.73594
9.46665
10.3416
11.3959
12.6794
14.2657
16.2675
18.8658
22.3706
27.3595
35.0447
48.481
78.2552
204.386
288.111
93.2378
56.9025
41.432
32.829
27.3401
23.5287
20.7249
18.5735
16.8684
15.4815
14.3293
13.3546
12.5175
11.789
11.1479
10.5781
10.0677
9.60729
9.18978
8.80957
8.46229
8.14445
7.85325
7.58639
7.34197
7.11839
6.91429
6.72853
6.56014
6.40838
6.27271
6.15279
6.04854
5.96014
5.88804
5.83293
5.79579
5.77778
5.78029
5.80482
5.85299
5.92646
6.02694
6.1562
6.31615
6.50896
6.73725
7.00434
7.31461
7.67393
8.09024
8.57438
9.14119
9.81121
10.6132
11.5882
12.7965
14.3293
16.3318
19.0488
22.928
28.886
39.1431
60.8329
136.614
543.139
97.0931
54.054
37.788
29.2472
23.9892
20.428
17.8563
15.9108
14.3859
13.157
12.1443
11.2947
10.5718
9.95018
9.41176
8.94372
8.53686
8.18472
7.88274
7.6278
7.41776
7.25117
7.12706
7.04472
7.00365
7.00351
7.04408
7.12533
7.24749
7.41111
7.6172
7.86729
8.1636
8.50912
8.90779
9.36461
9.88593
10.4797
11.1556
11.9262
12.8068
13.817
14.982
16.3347
17.9191
19.7948
22.0453
24.7913
28.2133
32.5943
38.4044
46.4844
58.4998
78.2766
116.964
226.475
2576.74
327.028
152.973
99.7939
74.0663
58.9025
48.9058
41.8196
36.5341
32.4401
29.1755
26.5116
24.2967
22.4263
20.826
19.4413
18.2315
17.1655
16.2189
15.3727
14.6115
13.923
13.2972
12.7257
12.2017
11.7195
11.2746
10.8631
10.4819
10.1285
9.80091
9.49775
9.21794
8.96083
8.7261
8.51376
8.32409
8.15761
8.01506
7.89736
7.8056
7.741
7.70489
7.69871
7.72397
7.78228
7.87534
8.00495
8.17301
8.38163
8.63306
8.92985
9.27484
9.67131
10.1231
10.6345
11.211
11.8589
12.5862
13.4025
14.3202
15.3548
16.5267
17.8623
19.3974
21.1801
23.2777
25.7863
28.8474
32.6778
37.6268
44.2939
53.8007
68.5164
94.4584
152.735
407.107
570.883
170.8
100.551
71.2463
55.1614
45.0018
38.0091
32.9078
29.0264
25.9774
23.5208
21.5002
19.8091
18.3725
17.1361
16.0597
15.1128
14.2723
13.5204
12.8432
12.2301
11.673
11.1655
10.7031
10.2826
9.90174
9.55925
9.2544
8.987
8.75716
8.56518
8.41144
8.29633
8.2202
8.1834
8.1863
8.22939
8.3134
8.43941
8.60898
8.82435
9.08853
9.4055
9.78039
10.2197
10.7313
11.3254
12.014
12.8124
13.7394
14.8184
16.0797
17.562
19.3169
21.4143
23.9515
27.0691
30.9776
36.0077
42.7101
52.0741
66.0698
89.256
135.067
267.458
4098.68
471.671
219.656
142.66
105.491
83.6267
69.234
59.0404
51.4387
45.5483
40.8464
37.0034
33.8012
31.0898
28.7629
26.7428
24.9717
23.4056
22.0104
20.7596
19.632
18.6107
17.682
16.8349
16.0605
15.3515
14.7021
14.1079
13.5652
13.0715
12.6251
12.2249
11.8707
11.5628
11.3018
11.0892
10.9264
10.8153
10.7579
10.7564
10.8127
10.929
11.1071
11.349
11.6564
12.0315
12.4765
12.9942
13.588
14.2623
15.0226
15.8762
16.832
17.9015
19.0996
20.4448
21.9609
23.6786
25.6377
27.8904
30.5067
33.5819
37.2487
41.6979
47.2128
54.2334
63.4805
76.2219
94.9112
124.99
181.411
325.373
1440.1
654.463
264.031
165.271
120.338
94.6765
78.0857
66.4806
57.9077
51.3155
46.0879
41.8401
38.3192
35.3523
32.8171
30.6246
28.7084
27.0182
25.5149
24.1676
22.952
21.8482
20.8401
19.9144
19.0602
18.2683
17.5311
16.8423
16.1966
15.5894
15.0172
14.4771
13.9666
13.4839
13.0277
12.597
12.1912
11.8102
11.4539
11.1226
10.8167
10.5369
10.2838
10.0579
9.8601
9.69085
9.55068
9.43996
9.35898
9.30788
9.28675
9.2956
9.33443
9.40328
9.50224
9.63157
9.79165
9.9831
10.2068
10.4638
10.7555
11.0838
11.4506
11.8585
12.31
12.8086
13.3577
13.9615
14.6245
15.3521
16.1501
17.0254
17.9859
19.0409
20.2014
21.4806
22.8946
24.4633
26.2116
28.1713
30.3835
32.9022
35.8001
39.1765
43.1718
47.9898
53.9381
61.5037
71.5058
85.4387
106.352
141.61
214.834
468.597
1514.58
353.34
203.33
143.319
110.761
90.2367
76.0771
65.7002
57.759
51.4806
46.3893
42.1758
38.6301
35.6047
32.9924
30.7141
28.7095
26.9323
25.3462
23.9225
22.6382
21.4746
20.4169
19.4528
18.5724
17.7677
17.0323
16.3612
15.7506
15.1975
14.7
14.2569
13.8679
13.533
13.2528
13.0284
12.8612
12.7527
12.7048
12.7193
12.7979
12.9426
13.1551
13.4372
13.791
14.2185
14.7222
15.3051
15.971
16.7244
17.571
18.5179
19.574
20.7503
22.0605
23.5215
25.1545
26.9857
29.0487
31.3859
34.0519
37.1184
40.6806
44.8679
49.8604
55.9167
63.421
72.9706
85.5468
102.884
128.366
169.6
248.049
457.276
2918.09
575.812
268.997
177.301
132.986
106.779
89.4146
77.0336
67.739
60.4895
54.6655
49.8753
45.8589
42.4369
39.4815
36.8994
34.6206
32.5916
30.771
29.1261
27.6308
26.264
25.0087
23.8507
22.7784
21.7822
20.8539
19.9868
19.1752
18.4145
17.7005
17.03
16.4003
15.809
15.2542
14.7345
14.2487
13.7958
13.375
12.9861
12.6285
12.3023
12.0073
11.7439
11.5122
11.3126
11.1458
11.0122
10.9127
10.8481
10.8194
10.8276
10.874
10.9598
11.0865
11.2559
11.4697
11.7301
12.0395
12.4006
12.8166
13.2911
13.8285
14.4339
15.1133
15.8739
16.7242
17.6747
18.738
19.9298
21.2693
22.7807
24.4944
26.4496
28.6972
31.3046
34.3626
37.9966
42.3844
47.7864
54.5998
63.4603
75.4525
92.5878
119.056
165.247
265.795
646.709
1863.49
337.17
183.319
125.443
95.1882
76.6169
64.0632
55.0106
48.1722
42.8223
38.5205
34.9844
32.0247
29.5095
27.3445
25.4602
23.8046
22.3376
21.0283
19.8522
18.7899
17.8257
16.9469
16.1431
15.4059
14.7282
14.1044
13.5298
13.0004
12.5132
12.0655
11.6553
11.281
10.9412
10.6349
10.3613
10.1196
9.90944
9.73039
9.58216
9.46451
9.3773
9.32044
9.29391
9.29779
9.33225
9.39762
9.49434
9.62307
9.78466
9.98024
10.2112
10.4792
10.7865
11.1356
11.5294
11.9716
12.4664
13.019
13.6352
14.3223
15.0887
15.9447
16.9026
17.9777
19.1886
20.5588
22.1183
23.9055
25.9711
28.383
31.2346
34.6576
38.8446
44.0876
50.853
59.9324
72.7881
92.4509
126.397
199.428
473.345
1219.71
272.046
153.229
106.557
81.5673
65.9702
55.2924
47.5143
41.5907
36.9261
33.1566
30.0469
27.4382
25.2197
23.3113
21.6539
20.2029
18.924
17.7903
16.7807
15.878
15.0684
14.3407
13.6855
13.0952
12.5634
12.0848
11.655
11.2703
10.9277
10.6247
10.3592
10.1295
9.93435
9.77263
9.64353
9.54642
9.48084
9.44647
9.4431
9.47062
9.529
9.61828
9.73855
9.88999
10.0728
10.2874
10.534
10.8133
11.1258
11.4724
11.8539
12.2717
12.7272
13.2223
13.7592
14.3406
14.97
15.6514
16.39
17.1918
18.0644
19.0172
20.0617
21.2122
22.4868
23.9081
25.5051
27.3155
29.3882
31.789
34.6071
37.9671
42.0478
47.115
53.5815
62.124
73.9325
91.3089
119.351
172.004
305.63
1267.84
704.776
263.155
159.66
113.836
88.0917
71.6453
60.2528
51.9072
45.5376
40.5208
36.4697
33.1311
30.3329
27.9536
25.9054
24.1232
22.558
21.1718
19.9354
18.8256
17.8242
16.9166
16.091
15.3383
14.651
14.0232
13.4505
12.9294
12.4573
12.0324
11.6533
11.3193
11.0299
10.7848
10.584
10.4272
10.3143
10.2451
10.2193
10.2363
10.2957
10.3968
10.5393
10.7227
10.9469
11.2122
11.5192
11.8692
12.264
12.7061
13.1993
13.748
14.3584
15.0377
15.7955
16.6436
17.5967
18.6736
19.8981
21.3008
22.9217
24.8139
27.0497
29.7292
32.9962
37.0641
42.2642
49.1409
58.6559
72.6839
95.4393
138.797
254.37
1578.77
331.981
153.002
100.101
74.672
59.6927
49.8011
42.769
37.5037
33.4061
30.1205
27.4221
25.1623
23.2385
21.5781
20.1282
18.8494
17.7119
16.6928
15.7743
14.9424
14.1861
13.4966
12.8668
12.2912
11.7651
11.285
10.8479
10.4512
10.0929
9.77142
9.48513
9.23275
9.01307
8.82498
8.66742
8.53938
8.43993
8.36818
8.32332
8.30465
8.31159
8.34367
8.40062
8.48231
8.58879
8.7203
8.87725
9.06022
9.26997
9.50737
9.77342
10.0692
10.396
10.755
11.1474
11.5748
12.0385
12.54
13.081
13.6634
14.2892
14.9608
15.6813
16.4541
17.2838
18.1758
19.1368
20.1755
21.3025
22.5311
23.8783
25.3654
27.0196
28.8759
30.9797
33.3908
36.1898
39.4866
43.4358
48.2614
54.3
62.0828
72.4983
87.1553
109.297
146.59
222.545
461.194
6845.92
380.011
195.183
131.309
98.9508
79.402
66.3097
56.9223
49.8544
44.3329
39.8923
36.2358
33.1656
30.5448
28.2759
26.288
24.5281
22.9564
21.5423
20.2623
19.0979
18.0347
17.0614
16.1687
15.3495
14.5978
13.9089
13.2786
12.7035
12.1806
11.7074
11.2812
10.9001
10.5618
10.2647
10.0069
9.78696
9.60367
9.45596
9.34307
9.26455
9.22024
9.21036
9.23544
9.29638
9.39442
9.53112
9.70835
9.92828
10.1933
10.506
10.8693
11.2862
11.7597
12.2934
12.8907
13.5557
14.2925
15.1061
16.0021
16.9872
18.0696
19.259
20.5681
22.0123
23.6117
25.3918
27.3859
29.6376
32.205
35.1667
38.6312
42.7523
47.7541
53.9769
61.9613
72.6218
87.6358
110.449
149.444
231.748
522.613
1849.25
348.295
192.565
132.998
101.484
81.9638
68.6782
59.0478
51.745
46.0158
41.4004
37.6022
34.4212
31.7176
29.3909
27.3668
25.5894
24.0156
22.612
21.3522
20.2151
19.1836
18.2439
17.3848
16.597
15.8728
15.2059
14.5912
14.0244
13.5021
13.0215
12.5803
12.177
11.8102
11.4792
11.1836
10.9233
10.6985
10.5099
10.3582
10.2447
10.1707
10.1377
10.1477
10.2026
10.3047
10.4563
10.6603
10.9193
11.2367
11.6161
12.0615
12.5778
13.1704
13.8461
14.6129
15.4803
16.4604
17.568
18.8214
20.2441
21.8659
23.7254
25.8736
28.3784
31.333
34.8676
39.1704
44.5227
51.3641
60.4218
72.989
91.6052
122.025
180.614
339.341
2221.38
602.521
260.047
165.001
120.584
94.8946
78.1625
66.4015
57.6828
50.9602
45.6175
41.2685
37.6585
34.6133
32.0094
29.7569
27.7889
26.0545
24.5143
23.1375
21.8994
20.7802
19.7637
18.8368
17.9885
17.2096
16.4926
15.831
15.2194
14.6533
14.1287
13.6426
13.1921
12.7751
12.3895
12.0339
11.7071
11.4081
11.1361
10.8905
10.6711
10.4775
10.3096
10.1675
10.0511
9.96055
9.896
9.8576
9.84549
9.85985
9.90082
9.96858
10.0633
10.1851
10.3341
10.5107
10.7152
10.9478
11.209
11.4995
11.8199
12.1712
12.5545
12.971
13.4224
13.9106
14.4377
15.0064
15.6196
16.2811
16.9948
17.7656
18.5992
19.5022
20.4823
21.5488
22.7125
23.9866
25.3866
26.9318
28.6454
30.5562
32.7004
35.124
37.8858
41.0632
44.7595
49.1156
54.3295
60.6879
68.6222
78.8135
92.4044
111.469
140.208
188.628
287.908
610.018
4459.3
546.874
293.869
201.562
153.619
124.198
104.274
89.868
78.9538
70.3894
63.4822
57.7877
53.0074
48.9334
45.4165
42.3467
39.6415
37.2373
35.0848
33.1448
31.386
29.783
28.3152
26.9654
25.7194
24.5653
23.4931
22.4943
21.5616
20.689
19.8712
19.1036
18.3823
17.7041
17.066
16.4656
15.9008
15.3698
14.8711
14.4035
13.966
13.5577
13.1781
12.8267
12.5031
12.2074
11.9394
11.6994
11.4874
11.304
11.1494
11.0243
10.9292
10.8646
10.8313
10.8301
10.8615
10.9266
11.026
11.1607
11.3316
11.5398
11.7865
12.073
12.4008
12.7716
13.1876
13.6509
14.1645
14.7316
15.3559
16.0419
16.7949
17.621
18.5277
19.5236
20.6191
21.8266
23.161
24.6405
26.2874
28.129
30.1997
32.543
35.2144
38.2865
41.8559
46.0533
51.0606
57.1388
64.675
74.2699
86.9072
104.316
129.842
170.889
247.752
442.874
1893.48
945.653
370.338
229.122
165.483
129.306
105.969
89.6613
77.6138
68.3428
60.9816
54.9903
50.0151
45.815
42.2197
39.1061
36.3826
33.9798
31.8444
29.9345
28.2168
26.6648
25.2567
23.9748
22.8042
21.7326
20.7497
19.8467
19.016
18.2513
17.5469
16.898
16.3006
15.7508
15.2457
14.7824
14.3587
13.9724
13.6219
13.3057
13.0226
12.7718
12.5526
12.3644
12.207
12.0804
11.9846
11.92
11.8869
11.8858
11.9175
11.9826
12.082
12.2166
12.3871
12.5945
12.8398
13.1238
13.4475
13.8118
14.2176
14.6661
15.1582
15.6952
16.2783
16.9091
17.5894
18.3213
19.1072
19.9503
20.854
21.8228
22.8621
23.9782
25.179
26.4739
27.8746
29.3951
31.0529
32.8695
34.8715
37.0926
39.5754
42.3744
45.5608
49.229
53.5062
58.5688
64.6676
72.172
81.6491
94.0167
110.863
135.197
173.499
242.75
406.298
1274.68
1073.08
379.72
230.594
165.439
128.892
105.496
89.2353
77.2764
68.112
60.865
54.9904
50.1316
46.0454
42.5603
39.5517
36.9272
34.6166
32.5656
30.7318
29.0814
27.5874
26.2277
24.9844
23.8426
22.7901
21.8166
20.9135
20.0737
19.2912
18.5609
17.8784
17.2404
16.6436
16.0857
15.5645
15.0784
14.6258
14.2057
13.8171
13.4593
13.1316
12.8336
12.565
12.3254
12.1147
11.9327
11.7793
11.6545
11.5581
11.4901
11.4506
11.4394
11.4565
11.5021
11.5759
11.6782
11.8089
11.968
12.1558
12.3723
12.6177
12.8922
13.1961
13.5299
13.8938
14.2884
14.7144
15.1724
15.6634
16.1883
16.7483
17.3448
17.9796
18.6545
19.3719
20.1346
20.9457
21.809
22.7292
23.7115
24.7623
25.8891
27.1011
28.409
29.8258
31.3673
33.0525
34.9049
36.9536
39.2345
41.7933
44.6882
47.9949
51.8134
56.2781
61.5752
67.9687
75.847
85.8052
98.805
116.508
142.054
182.192
254.555
424.619
1316
1104.22
398.079
244.018
176.323
138.21
113.744
96.6985
84.1366
74.4909
66.8485
60.6413
55.4971
51.1619
47.4563
44.2502
41.4467
38.9723
36.7703
34.7962
33.0147
31.3974
29.9214
28.5679
27.3214
26.1692
25.1007
24.1071
23.1811
22.3166
21.5086
20.7529
20.0464
19.3863
18.7705
18.1976
17.6664
17.1764
16.7271
16.3185
15.9509
15.6248
15.3408
15.0996
14.902
14.7491
14.6416
14.5804
14.5664
14.6003
14.6828
14.8145
14.9961
15.228
15.5111
15.8459
16.2334
16.6746
17.1709
17.724
18.3361
19.0096
19.748
20.5549
21.4353
22.3946
23.4396
24.5783
25.8203
27.1769
28.6616
30.2907
32.0838
34.0645
36.2617
38.711
41.4566
44.554
48.0741
52.1083
56.7769
62.2416
68.7242
76.5378
86.1388
98.22
113.885
135.004
165.023
211.055
290.509
460.188
1071.03
3825.2
645.004
351.617
241.874
184.524
149.286
125.433
108.206
95.1719
84.957
76.728
69.9502
64.2646
59.4215
55.2418
51.5937
48.3781
45.5193
42.9582
40.6482
38.5519
36.6394
34.8859
33.2711
31.7784
30.3935
29.1048
27.9021
26.777
25.7222
24.7316
23.7999
22.9224
22.0952
21.3149
20.5787
19.884
19.2286
18.6107
18.0286
17.4812
16.9671
16.4854
16.0353
15.6162
15.2275
14.8688
14.5397
14.2401
13.9697
13.7284
13.5162
13.3332
13.1793
13.0548
12.9597
12.8943
12.8588
12.8535
12.8787
12.9349
13.0224
13.1418
13.2936
13.4785
13.6971
13.9504
14.2394
14.565
14.9286
15.3316
15.7757
16.2627
16.7949
17.3746
18.0049
18.6889
19.4305
20.2341
21.1048
22.0486
23.0724
24.1844
25.3942
26.7133
28.1555
29.7371
31.4782
33.4033
35.5426
37.9339
40.6248
43.6767
47.1692
51.2078
55.9357
61.551
68.3368
76.7113
87.3196
101.21
120.21
147.807
191.591
271.792
466.214
1616.31
1139.18
416.303
253.731
182.044
141.685
115.797
97.7755
84.505
74.3228
66.2614
59.7193
54.3033
49.7451
45.8557
42.4979
39.5697
36.9939
34.7107
32.6734
30.8447
29.1946
27.6988
26.3373
25.0935
23.9536
22.906
21.9409
21.0502
20.2269
19.4649
18.7594
18.1059
17.501
16.9416
16.4252
15.9497
15.5134
15.115
14.7534
14.4278
14.1376
13.8825
13.6621
13.4764
13.3254
13.209
13.1273
13.0805
13.0686
13.0918
13.15
13.2435
13.3722
13.5362
13.7357
13.9707
14.2416
14.5486
14.8922
15.273
15.6918
16.1497
16.6478
17.1878
17.7715
18.4013
19.0798
19.8104
20.5966
21.443
22.3547
23.3377
24.3991
25.5472
26.7916
28.1439
29.6177
31.2292
32.998
34.9478
37.1075
39.5129
42.2087
45.2514
48.7136
52.6901
57.3069
62.7355
69.215
77.0893
86.8717
99.3628
115.885
138.79
172.697
228.1
335.033
628.003
4794.04
892.388
406.263
262.463
193.568
153.132
126.529
107.686
93.6341
82.7457
74.0568
66.9593
61.0506
56.0539
51.7726
48.0629
44.8176
41.9549
39.4115
37.1374
35.0927
33.2453
31.5688
30.0416
28.6455
27.3654
26.1884
25.1036
24.1016
23.1744
22.315
21.5174
20.7763
20.0872
19.446
18.8493
18.2941
17.7778
17.2982
16.8534
16.4418
16.0622
15.7134
15.3948
15.1058
14.8459
14.6152
14.4135
14.2412
14.0984
13.9856
13.9032
13.852
13.8324
13.8451
13.8907
13.9698
14.0829
14.2306
14.4132
14.6311
14.8848
15.1745
15.5004
15.8629
16.2623
16.699
17.1734
17.6863
18.2384
18.8308
19.4647
20.1417
20.8639
21.6337
22.4539
23.328
24.2603
25.2556
26.3198
27.4598
28.6837
30.0013
31.424
32.9656
34.6424
36.4742
38.4848
40.7034
43.1661
45.9175
49.0141
52.528
56.5527
61.2118
66.6719
73.1633
81.0132
90.7032
102.972
119.014
140.891
172.499
222.181
311.586
519.646
1537.55
1698.23
533.928
314.986
222.732
171.931
139.779
117.601
101.376
88.9879
79.2154
71.3063
64.7712
59.2783
54.5946
50.5519
47.0258
43.9221
41.1686
38.7088
36.4978
34.4997
32.6856
31.0315
29.5178
28.1282
26.849
25.6686
24.5773
23.5668
22.6298
21.7604
20.9533
20.2038
19.5081
18.8627
18.2647
17.7116
17.2011
16.7315
16.3011
15.9085
15.5528
15.233
14.9486
14.6989
14.4838
14.3031
14.1569
14.0453
13.9687
13.9275
13.9224
13.954
14.0231
14.1306
14.2775
14.4649
14.694
14.966
15.2823
15.6445
16.0541
16.5131
17.0235
17.5876
18.2079
18.8873
19.6293
20.4377
21.3171
22.2728
23.3109
24.4389
25.6655
27.0012
28.4587
30.0532
31.8033
33.7322
35.8681
38.2469
40.9138
43.9267
47.3613
51.3177
55.9315
61.39
67.9601
76.0348
86.2172
99.4821
117.514
143.495
184.245
257.489
428.171
1278.34
1293.99
426.244
254.204
180.63
139.792
113.816
95.8379
82.6581
72.5839
64.6354
58.2066
52.902
48.4528
44.6696
41.4153
38.588
36.1105
33.923
31.9787
30.2403
28.6777
27.2663
25.9859
24.8199
23.754
22.7765
21.8774
21.0482
20.2814
19.5711
18.9116
18.2986
17.728
17.1965
16.7013
16.2398
15.8101
15.4104
15.0393
14.6958
14.3788
14.0877
13.8218
13.5809
13.3647
13.1728
13.0053
12.8621
12.743
12.6481
12.5772
12.5304
12.5075
12.5084
12.5329
12.5808
12.652
12.7463
12.8633
13.003
13.1652
13.3498
13.5569
13.7865
14.039
14.3145
14.6137
14.9371
15.2858
15.6607
16.0632
16.4947
16.9571
17.4525
17.9833
18.5522
19.1625
19.8177
20.522
21.2799
22.0969
22.979
23.9331
24.9673
26.0908
27.3144
28.6507
30.1147
31.724
33.5
35.4686
37.6613
40.1177
42.8875
46.034
49.6399
53.8145
58.7058
64.5198
71.551
80.2364
91.2537
105.713
125.568
154.606
201.268
288.98
516.242
2599.01
765.579
336.562
215.671
158.421
124.936
102.913
87.3002
75.6378
66.5852
59.3487
53.4286
48.4945
44.3191
40.741
37.6421
34.9344
32.5504
30.438
28.556
26.8712
25.3571
23.9917
22.757
21.6378
20.6215
19.6974
18.8564
18.0909
17.3942
16.7607
16.1856
15.6649
15.1952
14.7736
14.3977
14.0656
13.7757
13.5268
13.318
13.1486
13.0181
12.9262
12.8728
12.8579
12.8815
12.9437
13.0447
13.1847
13.3638
13.5824
13.8408
14.1394
14.4787
14.8594
15.2823
15.7486
16.2597
16.8173
17.4237
18.0815
18.7943
19.566
20.4019
21.3079
22.2916
23.3619
24.5299
25.8089
27.2153
28.7695
30.4964
32.4277
34.6034
37.0749
39.9092
43.1956
47.055
51.6557
57.2387
64.162
72.9811
84.6068
100.643
124.204
162.231
233.993
420.302
2083.06
701.274
299.674
190.34
139.334
109.803
90.5392
76.9779
66.9114
59.1414
52.9611
47.927
43.7465
40.2189
37.2021
34.5924
32.3126
30.3041
28.5214
26.9289
25.4983
24.2068
23.0358
21.9702
20.9975
20.1071
19.2902
18.5396
17.8489
17.2128
16.6267
16.0867
15.5896
15.1323
14.7123
14.3276
13.9762
13.6565
13.367
13.1067
12.8744
12.6692
12.4905
12.3375
12.2097
12.1068
12.0284
11.9743
11.9443
11.9384
11.9565
11.9988
12.0653
12.1564
12.2721
12.413
12.5794
12.7718
12.9908
13.2371
13.5114
13.8146
14.1477
14.512
14.9087
15.3395
15.8061
16.3107
16.8555
17.4435
18.0779
18.7624
19.5016
20.3007
21.1657
22.104
23.1242
24.2365
25.4534
26.7896
28.2635
29.8973
31.7186
33.7622
36.0719
38.7044
41.7337
45.2585
49.4132
54.3855
60.4457
67.9976
77.6721
90.5115
108.37
134.89
178.331
262.206
490.095
3219.7
876.257
374.558
235.9
171.264
133.96
109.712
92.7032
80.1193
70.4359
62.7555
56.5156
51.3459
46.9929
43.2773
40.0684
37.2693
34.8062
32.6221
30.6726
28.922
27.3419
25.9092
24.605
23.4136
22.322
21.3195
20.3968
19.5465
18.7618
18.0375
17.3689
16.7519
16.1833
15.6602
15.1802
14.7413
14.3419
13.9804
13.6557
13.3668
13.1129
12.8931
12.7069
12.5538
12.4333
12.3449
12.2882
12.2628
12.2683
12.3044
12.3707
12.4669
12.5925
12.7474
12.9313
13.144
13.3852
13.6551
13.9537
14.2811
14.6375
15.0234
15.4394
15.8862
16.3648
16.8762
17.4218
18.0034
18.6227
19.2821
19.9843
20.7323
21.5296
22.3806
23.29
24.2636
25.3079
26.4309
27.6418
28.9514
30.3727
31.9215
33.6165
35.4808
37.5426
39.8371
42.4084
45.313
48.6238
52.437
56.8818
62.1363
68.4526
76.1998
85.9412
98.5805
115.666
140.092
177.966
244.802
395.047
1052.37
1453.5
437.848
257.725
182.314
140.786
114.458
96.2563
82.9106
72.6994
64.6298
58.0893
52.679
48.1284
44.247
40.8975
37.9778
35.4107
33.137
31.1101
29.2931
27.6564
26.1762
24.8327
23.6098
22.494
21.4742
20.5409
19.6863
18.9036
18.1873
17.5325
16.9353
16.3922
15.9003
15.4571
15.0607
14.7093
14.4014
14.1356
13.911
13.7265
13.5812
13.4743
13.4051
13.3728
13.3767
13.416
13.4902
13.5984
13.7401
13.9146
14.1213
14.3596
14.6291
14.9294
15.2602
15.6213
16.0128
16.4347
16.8872
17.3709
17.8864
18.4345
19.0163
19.6331
20.2867
20.9789
21.7121
22.489
23.3128
24.1871
25.1164
26.1055
27.1603
28.2876
29.4952
30.7923
32.1897
33.7
35.3385
37.1229
39.0747
41.2199
43.5901
46.2241
49.1703
52.4892
56.2585
60.5784
65.5812
71.4448
78.4143
86.837
97.2216
110.344
127.45
150.671
183.976
235.701
326.776
528.73
1345.18
2820.9
639.125
356.557
246.121
187.41
151.025
126.28
108.361
94.785
84.1395
75.5639
68.5035
62.5851
57.5483
53.2061
49.4205
46.0881
43.1294
40.4824
38.0984
35.9385
33.9711
32.1706
30.516
28.99
27.5782
26.2686
25.0511
23.9175
22.8608
21.8751
20.9558
20.0987
19.3009
18.5598
17.8734
17.2403
16.6596
16.1307
15.6533
15.2275
14.8536
14.532
14.2633
14.048
13.887
13.7806
13.7297
13.7345
13.7956
13.9134
14.0882
14.3206
14.611
14.9603
15.3695
15.8403
16.3746
16.9751
17.6453
18.3896
19.2134
20.1235
21.1282
22.2378
23.4647
24.8242
26.3353
28.021
29.9106
32.0402
34.4565
37.2192
40.4068
44.1242
48.5148
53.7802
60.2125
68.2528
78.599
92.4277
111.891
141.399
191.669
297.463
674.178
1997.63
475.804
276.34
196.653
153.501
126.337
107.609
93.8829
83.3677
75.0385
68.2653
62.6394
57.8838
53.8043
50.2606
47.1488
44.3903
41.9248
39.7049
37.6931
35.8595
34.1795
32.6333
31.2045
29.8792
28.6459
27.4952
26.4186
25.4093
24.4613
23.5693
22.729
21.9366
21.1886
20.4822
19.8148
19.1842
18.5885
18.0258
17.4948
16.9942
16.5228
16.0798
15.6643
15.2756
14.9134
14.5771
14.2666
13.9817
13.7224
13.4888
13.281
13.0992
12.9439
12.8154
12.714
12.6404
12.5949
12.5781
12.5904
12.6323
12.7042
12.8066
12.9398
13.1041
13.2998
13.5274
13.787
14.0791
14.4039
14.7621
15.1542
15.5808
16.0429
16.5415
17.078
17.6538
18.2711
18.9319
19.6392
20.396
21.2063
22.0745
23.0058
24.0065
25.0837
26.2459
27.5032
28.8672
30.3519
31.974
33.7534
35.7142
37.8857
40.3037
43.013
46.0695
49.5448
53.531
58.1496
63.5638
69.998
77.7694
87.3418
99.4212
115.137
136.413
166.822
213.805
295.86
475.001
1164.14
2991.12
608.552
336.34
231.846
176.678
142.599
119.454
102.7
90.0003
80.0332
71.9935
65.3639
59.7967
55.05
50.9502
47.3697
44.2127
41.406
38.8925
36.6275
34.5752
32.7067
30.9984
29.4312
27.989
26.6584
25.4282
24.289
23.2325
22.2519
21.3412
20.4952
19.7093
18.9797
18.3028
17.6756
17.0953
16.5598
16.0667
15.6145
15.2014
14.8262
14.4877
14.1851
13.9177
13.685
13.4866
13.3225
13.1927
13.0975
13.0373
13.0126
13.0242
13.0729
13.1596
13.2854
13.4514
13.6589
13.9091
14.2034
14.5431
14.9299
15.3653
15.851
16.3889
16.9809
17.6295
18.3372
19.1069
19.9422
20.8469
21.8258
22.8847
24.0301
25.2702
26.6148
28.0756
29.6672
31.4074
33.318
35.4265
37.7672
40.3841
43.3333
46.6885
50.5473
55.042
60.3562
66.7519
74.616
84.5448
97.5072
115.19
140.814
181.396
255.707
436.772
1568.73
896.688
354.145
221.169
160.873
126.412
104.097
88.4659
76.9088
68.0191
60.9718
55.2507
50.516
46.5348
43.1419
40.217
37.67
35.4325
33.4512
31.6843
30.0982
28.666
27.3654
26.1783
25.0896
24.0866
23.159
22.2977
21.4952
20.7453
20.0426
19.3828
18.762
18.1774
17.6263
17.1069
16.6177
16.1575
15.7255
15.3214
14.9448
14.5958
14.2747
13.9816
13.717
13.4814
13.2751
13.0988
12.9527
12.8372
12.7526
12.699
12.6764
12.6849
12.7244
12.7949
12.8962
13.0283
13.1914
13.3855
13.6109
13.8682
14.1582
14.4818
14.8405
15.2358
15.6698
16.1451
16.6646
17.2318
17.8509
18.5266
19.2645
20.0711
20.9539
21.9216
22.9843
24.1541
25.4448
26.8732
28.459
30.2263
32.2041
34.4284
36.9437
39.8066
43.0896
46.8874
51.3264
56.5788
62.886
70.5973
80.2376
92.6342
109.171
132.351
167.22
225.681
344.186
714.545
10686.8
689.248
358.756
243.38
184.558
148.837
124.807
107.51
94.4453
84.2155
75.9774
69.1927
63.5016
58.6545
54.4727
50.8251
47.6133
44.762
42.2125
39.9186
37.843
35.9559
34.2324
32.6522
31.1983
29.8562
28.6137
27.4605
26.3874
25.3867
24.4516
23.5761
22.755
21.9836
21.2579
20.5742
19.9294
19.3207
18.7455
18.2016
17.6872
17.2005
16.7403
16.3051
15.8941
15.5065
15.1416
14.799
14.4784
14.1798
13.9031
13.6485
13.4164
13.207
13.021
12.8589
12.7213
12.6088
12.5223
12.4623
12.4296
12.4249
12.4487
12.5018
12.5847
12.6978
12.8419
13.0174
13.2248
13.4647
13.738
14.0453
14.3876
14.7662
15.1823
15.6379
16.1348
16.6757
17.2634
17.9015
18.5943
19.3467
20.1647
21.0554
22.027
23.0895
24.255
25.5378
26.9553
28.5287
30.2842
32.2545
34.4805
37.0145
39.9246
43.3004
47.2628
51.9791
57.6871
64.7371
73.6679
85.3522
101.306
124.414
160.933
227.482
387.815
1336.42
851.185
332.045
207.929
151.975
120.047
99.3652
84.8548
74.0967
65.7909
59.1765
53.7779
49.283
45.4782
42.2125
39.3762
36.8876
34.6848
32.7198
30.9552
29.361
27.9134
26.5929
25.3834
24.2719
23.2473
22.3004
21.4235
20.61
19.8544
19.1519
18.4985
17.8907
17.3255
16.8004
16.3131
15.8618
15.445
15.0613
14.7096
14.389
14.0986
13.838
13.6067
13.4043
13.2306
13.0855
12.969
12.8811
12.8218
12.7914
12.7901
12.8181
12.8758
12.9633
13.0813
13.2299
13.4097
13.6212
13.8649
14.1413
14.4513
14.7954
15.1746
15.5898
16.0422
16.5329
17.0634
17.6353
18.2505
18.9111
19.6196
20.3787
21.1917
22.0622
22.9945
23.9935
25.0647
26.2146
27.4509
28.7823
30.2192
31.7735
33.4596
35.2945
37.2983
39.4955
41.9157
44.5951
47.5787
50.9224
54.6974
58.995
63.9346
69.675
76.4322
84.5077
94.3349
106.56
122.191
142.888
171.595
214.064
283.246
415.553
767.104
4257.77
1462.1
606.543
379.616
275.181
215.281
176.484
149.325
129.257
113.825
101.589
91.6473
83.4085
76.4681
70.54
65.4163
60.9425
57.0013
53.502
50.3734
47.5591
45.0135
42.6994
40.5866
38.6496
36.8674
35.2222
33.6989
32.2847
30.9686
29.741
28.5938
27.5198
26.5128
25.5673
24.6785
23.8423
23.0549
22.313
21.6139
20.9549
20.3338
19.7487
19.198
18.68
18.1937
17.7378
17.3116
16.9144
16.5454
16.2044
15.8911
15.6052
15.3467
15.1158
14.9125
14.737
14.5897
14.471
14.3812
14.3207
14.2901
14.2898
14.3204
14.3822
14.4759
14.6018
14.7606
14.9527
15.1787
15.4391
15.7345
16.0658
16.4337
16.8392
17.2834
17.7676
18.2933
18.8625
19.4772
20.1401
20.8541
21.6229
22.4506
23.3422
24.3033
25.3409
26.4629
27.679
29.0002
30.4403
32.0152
33.7445
35.6518
37.7663
40.1238
42.7693
45.7599
49.169
53.0924
57.658
63.0402
69.4828
77.3381
87.1342
99.7011
116.423
139.793
174.811
233.201
350.51
710.074
15175.7
990.325
518.318
352.689
267.978
216.443
181.748
156.779
137.935
123.201
111.358
101.626
93.4822
86.5638
80.6102
75.4297
70.8783
66.8455
63.2451
60.0089
57.0824
54.4213
51.9893
49.7565
47.698
45.7928
44.0231
42.3739
40.8324
39.3875
38.0296
36.7505
35.543
34.4009
33.3186
32.2915
31.3153
30.3863
29.5014
28.6576
27.8524
27.0838
26.3496
25.6484
24.9785
24.3387
23.7279
23.1451
22.5895
22.0604
21.5571
21.0793
20.6263
20.198
19.7941
19.4142
19.0584
18.7264
18.4182
18.1338
17.8731
17.6362
17.4232
17.234
17.0688
16.9277
16.8107
16.7179
16.6494
16.6054
16.5858
16.5909
16.6207
16.6753
16.7548
16.8594
16.9891
17.1441
17.3246
17.5308
17.7628
18.0209
18.3055
18.6167
18.9551
19.321
19.7149
20.1374
20.5892
21.0709
21.5834
22.1275
22.7043
23.3149
23.9606
24.6428
25.363
26.123
26.9247
27.7703
28.6621
29.6029
30.5956
31.6435
32.7504
33.9205
35.1586
36.4699
37.8605
39.3373
40.9081
42.5818
44.3687
46.2805
48.331
50.536
52.9141
55.4871
58.2808
61.326
64.6596
68.3261
72.38
76.8885
81.9351
87.6255
94.0949
101.519
110.131
120.246
132.302
146.923
165.032
188.054
218.307
259.836
320.369
416.741
593.825
1023.88
3535.75
2719.25
950.225
571.237
406.849
315.204
256.835
216.431
186.816
164.184
146.329
131.883
119.956
109.942
101.415
94.0666
87.6676
82.0449
77.0652
72.6238
68.6376
65.0397
61.776
58.8015
56.0794
53.5786
51.273
49.1405
47.1622
45.3219
43.6055
42.0009
40.4976
39.0863
37.7588
36.5081
35.3278
34.2123
33.1566
32.1565
31.2079
30.3073
29.4517
28.6383
27.8646
27.1283
26.4276
25.7607
25.126
24.5222
23.948
23.4025
22.8846
22.3936
21.9289
21.4897
21.0757
20.6864
20.3215
19.9807
19.6639
19.3708
19.1014
18.8556
18.6334
18.4348
18.2597
18.1082
17.9803
17.8761
17.7955
17.7387
17.7057
17.6964
17.7109
17.7492
17.8112
17.8971
18.0068
18.1403
18.2976
18.4787
18.6837
18.9127
19.1658
19.4431
19.7448
20.0712
20.4226
20.7993
21.2018
21.6306
22.0864
22.5698
23.0818
23.6232
24.1952
24.799
25.4359
26.1076
26.8158
27.5625
28.3499
29.1804
30.0568
30.9822
31.9601
32.9944
34.0893
35.2499
36.4817
37.7909
39.1846
40.6709
42.2591
43.9597
45.785
47.7489
49.8679
52.1612
54.6513
57.3648
60.3337
63.5963
67.1991
71.1991
75.6669
80.691
86.3839
92.891
100.403
109.176
119.56
132.049
147.365
166.597
191.482
224.959
272.438
345.067
470.116
736.572
1697.11
5622.7
1053.34
580.551
400.41
305.384
246.65
206.73
177.817
155.897
138.697
124.833
113.413
103.838
95.6895
88.667
82.5489
77.1681
72.3966
68.1344
64.3025
60.8373
57.6875
54.811
52.173
49.7443
47.5007
45.4216
43.4893
41.689
40.0077
38.4342
36.9589
35.5734
34.2703
33.0431
31.8863
30.7948
29.7643
28.7908
27.8709
27.0017
26.1804
25.4047
24.6725
23.982
23.3315
22.7197
22.1453
21.6073
21.1046
20.6366
20.2026
19.802
19.4342
19.0989
18.7957
18.5244
18.2847
18.0763
17.8991
17.7529
17.6375
17.5529
17.4987
17.475
17.4814
17.5179
17.5842
17.6802
17.8058
17.9607
18.1448
18.358
18.6002
18.8713
19.1713
19.5003
19.8582
20.2454
20.6619
21.1081
21.5844
22.0913
22.6294
23.1993
23.802
24.4384
25.1096
25.8169
26.5618
27.3458
28.1709
29.0392
29.9529
30.9147
31.9277
32.995
34.1205
35.3082
36.5631
37.8902
39.2958
40.7865
42.3701
44.0553
45.8524
47.7728
49.8297
52.0387
54.4176
56.9875
59.7728
62.8029
66.1126
69.7437
73.7471
78.1848
83.1339
88.6907
94.9775
102.152
110.42
120.057
131.442
145.104
161.81
182.72
209.661
245.706
296.438
373.176
502.887
769.509
1632.62
13805.1
1309
686.975
465.636
352.111
283.03
236.55
203.124
177.92
158.228
142.412
129.424
118.563
109.343
101.414
94.5199
88.4685
83.1118
78.3349
74.0469
70.175
66.6603
63.4545
60.5176
57.8165
55.3232
53.0141
50.8691
48.8709
47.0046
45.2575
43.6184
42.0774
40.6261
39.257
37.9633
36.7391
35.5793
34.4792
33.4346
32.4418
31.4975
30.5986
29.7425
28.9268
28.1492
27.4079
26.701
26.0269
25.3842
24.7717
24.1881
23.6326
23.104
22.6018
22.125
21.6732
21.2459
20.8425
20.4628
20.1065
19.7733
19.4632
19.176
18.9117
18.6704
18.4523
18.2573
18.0858
17.9379
17.814
17.7143
17.6392
17.589
17.564
17.5647
17.5914
17.6446
17.7246
17.8318
17.9666
18.1295
18.3208
18.5409
18.7903
19.0694
19.3785
19.7183
20.0892
20.4917
20.9265
21.3943
21.8957
22.4316
23.003
23.611
24.2567
24.9415
25.667
26.4349
27.2473
28.1065
29.0149
29.9757
30.992
32.0678
33.2074
34.4157
35.6985
37.0622
38.5143
40.0635
41.7198
43.4947
45.4019
47.4571
49.6791
52.09
54.7162
57.5895
60.7485
64.2402
68.123
72.4696
77.3722
82.9494
89.3561
96.7986
105.558
116.028
128.776
144.653
164.991
192.013
229.711
286.061
379.655
566.281
1126.16
100780
3128.34
1604.05
1081.88
817.422
657.432
550.131
473.127
415.151
369.913
333.62
303.853
278.992
257.914
239.814
224.101
210.331
198.163
187.332
177.628
168.883
160.962
153.752
147.16
141.111
135.539
130.39
125.616
121.178
117.04
113.174
109.552
106.151
102.952
99.9369
97.0894
94.3957
91.8432
89.4208
87.1185
84.927
82.8383
80.8449
78.9401
77.1179
75.3726
73.6993
72.0932
70.5502
69.0664
67.6382
66.2623
64.9357
63.6556
62.4195
61.225
60.0699
58.9522
57.8699
56.8215
55.8052
54.8196
53.8633
52.935
52.0335
51.1577
50.3067
49.4794
48.6749
47.8926
47.1316
46.3912
45.6708
44.9699
44.2877
43.624
42.9782
42.3498
41.7386
41.1442
40.5662
40.0044
39.4586
38.9285
38.4138
37.9146
37.4305
36.9615
36.5075
36.0684
35.6441
35.2346
34.8398
34.4597
34.0943
33.7437
33.4078
33.0867
32.7804
32.489
32.2125
31.951
31.7046
31.4733
31.2572
31.0564
30.8711
30.7011
30.5468
30.4081
30.2851
30.1779
30.0866
30.0113
29.952
29.9089
29.8819
29.8712
29.8768
29.8988
29.9371
29.992
30.0633
30.1512
30.2557
30.3769
30.5147
30.6692
30.8404
31.0284
31.2332
31.4548
31.6934
31.9489
32.2213
32.5109
32.8175
33.1414
33.4826
33.8411
34.2172
34.6108
35.0223
35.4516
35.899
36.3647
36.8489
37.3518
37.8736
38.4147
38.9753
39.5557
40.1563
40.7775
41.4197
42.0832
42.7687
43.4765
44.2072
44.9615
45.7399
46.5431
47.3718
48.2268
49.109
50.0191
50.9582
51.9273
52.9273
53.9596
55.0253
56.1258
57.2624
58.4368
59.6505
60.9052
62.203
63.5458
64.9358
66.3753
67.8669
69.4134
71.0176
72.6828
74.4125
76.2104
78.0805
80.0274
82.0559
84.1712
86.3791
88.6859
91.0986
93.6248
96.2728
99.0519
101.972
105.046
108.284
111.703
115.316
119.142
123.202
127.516
132.112
137.017
142.266
147.896
153.951
160.482
167.549
175.222
183.583
192.73
202.781
213.879
226.197
239.95
255.406
272.902
292.874
315.886
342.693
374.315
412.176
458.319
515.785
589.301
686.64
821.532
1020.69
1343.84
1957.08
3556.56
17469.3
7058.95
2856.52
1777.24
1285.31
1004.55
823.274
696.692
603.355
531.72
475.027
429.053
391.028
359.059
331.809
308.307
287.829
269.829
253.882
239.656
226.887
215.361
204.905
195.377
186.657
178.647
171.263
164.434
158.1
152.208
146.712
141.575
136.762
132.242
127.989
123.981
120.196
116.615
113.224
110.005
106.947
104.038
101.266
98.6226
96.0979
93.6842
91.3742
89.1612
87.039
85.002
83.045
81.1634
79.3527
77.6088
75.9281
74.3071
72.7426
71.2317
69.7716
68.3598
66.9938
65.6715
64.3908
63.1498
61.9468
60.78
59.6478
58.5489
57.4819
56.4455
55.4385
54.4598
53.5084
52.5833
51.6835
50.8083
49.9569
49.1284
48.3223
47.5378
46.7744
46.0316
45.3087
44.6053
43.921
43.2553
42.6079
41.9784
41.3664
40.7718
40.1942
39.6333
39.089
38.5611
38.0493
37.5535
37.0735
36.6093
36.1607
35.7276
35.3099
34.9077
34.5207
34.1491
33.7927
33.4515
33.1255
32.8148
32.5192
32.2389
31.9738
31.724
31.4895
31.2702
31.0663
30.8778
30.7046
30.5468
30.4045
30.2776
30.1662
30.0703
29.9899
29.925
29.8757
29.8419
29.8237
29.821
29.8338
29.8622
29.906
29.9654
30.0402
30.1305
30.2361
30.3572
30.4937
30.6455
30.8126
30.9951
31.1928
31.4058
31.634
31.8775
32.1362
32.4102
32.6995
33.004
33.3239
33.6591
34.0097
34.3759
34.7576
35.1549
35.568
35.997
36.4421
36.9033
37.381
37.8752
38.3861
38.9142
39.4595
40.0224
40.6031
41.2022
41.8198
42.4564
43.1124
43.7883
44.4846
45.2018
45.9405
46.7012
47.4847
48.2916
49.1227
49.9787
50.8606
51.7692
52.7055
53.6706
54.6655
55.6916
56.7499
57.842
58.9692
60.1332
61.3356
62.5783
63.8632
65.1923
66.568
67.9927
69.469
70.9997
72.5879
74.237
75.9504
77.7322
79.5866
81.5182
83.5321
85.6338
87.8293
90.1255
92.5295
95.0494
97.6943
100.474
103.399
106.483
109.738
113.18
116.826
120.696
124.812
129.198
133.884
138.902
144.291
150.093
156.361
163.154
170.543
178.612
187.464
197.219
208.028
220.075
233.59
248.866
266.277
286.314
309.631
337.12
370.031
410.172
460.26
524.581
610.31
730.469
911.428
1216.07
1841.27
3894.18
21673.9
3643.64
2025.64
1412.1
1087.53
886.105
748.65
648.733
572.746
512.962
464.667
424.817
391.358
362.855
338.273
316.848
298.003
281.293
266.371
252.961
240.842
229.832
219.784
210.576
202.104
194.283
187.038
180.306
174.035
168.176
162.691
157.542
152.7
148.137
143.828
139.753
135.892
132.227
128.745
125.431
122.273
119.259
116.379
113.624
110.986
108.457
106.031
103.699
101.458
99.3011
97.2237
95.2211
93.2891
91.4239
89.6218
87.8796
86.194
84.5622
82.9815
81.4494
79.9636
78.522
77.1225
75.7631
74.4423
73.1582
71.9094
70.6945
69.512
68.3606
67.2394
66.147
65.0824
64.0448
63.0331
62.0465
61.0843
60.1456
59.2297
58.3361
57.4639
56.6128
55.7822
54.9715
54.1802
53.408
52.6544
51.9191
51.2017
50.5018
49.8192
49.1536
48.5048
47.8724
47.2564
46.6564
46.0724
45.5041
44.9515
44.4144
43.8926
43.3862
42.895
42.4189
41.9579
41.512
41.0811
40.6651
40.2642
39.8781
39.5071
39.151
38.8099
38.4838
38.1727
37.8766
37.5957
37.3299
37.0792
36.8437
36.6235
36.4185
36.2289
36.0546
35.8957
35.7523
35.6244
35.512
35.4151
35.3338
35.2681
35.2181
35.1836
35.1649
35.1618
35.1744
35.2027
35.2467
35.3063
35.3816
35.4727
35.5793
35.7017
35.8396
35.9932
36.1624
36.3472
36.5475
36.7634
36.9949
37.2419
37.5044
37.7825
38.076
38.3851
38.7098
39.05
39.4058
39.7771
40.1641
40.5668
40.9853
41.4195
41.8696
42.3356
42.8177
43.316
43.8305
44.3613
44.9088
45.4729
46.0538
46.6519
47.2671
47.8998
48.5502
49.2186
49.9051
50.6101
51.334
52.077
52.8394
53.6217
54.4242
55.2474
56.0917
56.9576
57.8456
58.7561
59.6899
60.6474
61.6293
62.6362
63.669
64.7282
65.8148
66.9295
68.0733
69.2471
70.4518
71.6886
72.9585
74.2629
75.6028
76.9798
78.3951
79.8503
81.3472
82.8872
84.4724
86.1047
87.7861
89.5189
91.3054
93.1483
95.0503
97.0143
99.0435
101.141
103.311
105.557
107.883
110.294
112.795
115.392
118.089
120.893
123.811
126.851
130.021
133.329
136.785
140.4
144.186
148.155
152.322
156.702
161.314
166.176
171.311
176.742
182.498
188.609
195.11
202.04
209.445
217.377
225.895
235.067
244.975
255.711
267.385
280.129
294.096
309.475
326.492
345.426
366.622
390.512
417.647
448.736
484.712
526.824
576.785
637.008
711.003
804.079
924.66
1086.96
1316.96
1667.72
2266.82
3516.83
7683.46
54143.6
4531.6
2327.95
1556.87
1165.6
929.445
771.624
658.796
574.168
508.369
455.76
412.746
376.926
346.639
320.698
298.231
278.586
261.263
245.874
232.112
219.734
208.54
198.368
189.085
180.579
172.757
165.54
158.86
152.66
146.889
141.505
136.471
131.753
127.323
123.156
119.228
115.521
112.015
108.696
105.548
102.56
99.7193
97.0155
94.4392
91.9818
89.6353
87.3927
85.2474
83.1932
81.2248
79.3371
77.5252
75.7851
74.1126
72.5041
70.9562
69.4656
68.0296
66.6453
65.3102
64.0219
62.7782
61.5771
60.4167
59.2951
58.2106
57.1618
56.1471
55.1652
54.2148
53.2946
52.4036
51.5407
50.7048
49.8951
49.1108
48.3509
47.6147
46.9016
46.2108
45.5418
44.8939
44.2667
43.6595
43.0721
42.5038
41.9544
41.4234
40.9106
40.4156
39.938
39.4778
39.0345
38.6081
38.1982
37.8048
37.4276
37.0666
36.7215
36.3924
36.079
35.7814
35.4993
35.2329
34.9819
34.7464
34.5264
34.3217
34.1325
33.9586
33.8
33.6568
33.5289
33.4163
33.3191
33.2371
33.1704
33.1191
33.0829
33.0621
33.0565
33.0661
33.091
33.1311
33.1863
33.2567
33.3422
33.4429
33.5586
33.6893
33.835
33.9957
34.1713
34.3619
34.5673
34.7876
35.0226
35.2725
35.5371
35.8165
36.1106
36.4195
36.7431
37.0814
37.4345
